
----------------------------------------
New Round

2166 954 0.03
2190 976 0.05
2211 986 0.05
2232 993 0.08
2252 997 0.20
2273 999 0.17
2294 1001 0.08
2315 1001 0.09
2335 1000 0.10
2356 998 0.08
2377 994 0.04
2398 985 0.07
2418 968 0.01
2936 954 0.04
2959 979 0.07
2979 989 0.28
3001 995 0.06
3024 997 0.17
3045 997 0.13
3065 995 0.13
3086 989 0.08
3107 978 0.04
3128 962 0.01
3515 952 0.08
3538 978 0.06
3559 990 0.07
3595 998 0.15
3615 1000 0.10
3636 1001 0.14
3656 1001 0.11
3677 1000 0.21
3698 995 0.14
3719 984 0.10
3739 960 0.05
4072 951 0.04
4096 977 0.06
4116 991 0.06
4136 997 0.12
4158 1000 0.16
4178 1001 0.08
4199 1002 0.12
4219 1002 0.23
4241 999 0.04
4261 993 0.05
4282 981 0.04
4302 966 0.03
4730 953 0.06
4754 970 0.02
4774 981 0.04
4795 991 0.04
4816 997 0.05
4839 1000 0.09
4860 1003 0.13
4881 1003 0.13
4901 1004 0.11
4922 1005 0.08
4943 1005 0.09
4964 1004 0.07
4984 1001 0.07
5005 994 0.05
5026 982 0.08
5047 955 0.10
5271 956 0.16
5294 982 0.27
5315 993 0.23
5336 998 0.11
5356 1000 0.13
5377 1000 0.13
5398 1000 0.09
5419 998 0.11
5439 992 0.06
5459 981 0.09


----------------------------------------
New Round



----------------------------------------
New Round



----------------------------------------
New Round

43 345 0.00
57 306 0.00
70 297 0.00
84 327 0.01
98 363 0.01
112 361 0.00
125 324 0.00
140 296 0.01
155 287 0.01
169 299 0.00
184 327 0.01
198 354 0.01
212 362 0.01
228 347 0.01
242 319 0.01
259 318 0.00
272 285 0.01
286 294 0.00
301 327 0.01
315 353 0.01
329 362 0.00
344 346 0.00
359 319 0.00
373 292 0.01
388 285 0.01
402 301 0.00
416 327 0.01
446 361 0.00
474 301 0.00
488 280 0.00
501 301 0.00
516 341 0.01
529 356 0.00
543 326 0.01
557 285 0.00
570 275 0.00
584 307 0.01
598 342 0.01
612 345 0.01
625 310 0.00
640 273 0.01
653 274 0.00
666 310 0.00
680 343 0.01
694 336 0.00
708 294 0.00
721 263 0.00
736 274 0.00
749 315 0.01
762 336 0.01
777 317 0.01
790 272 0.01
807 265 0.01
821 243 0.00
834 266 0.00
848 305 0.00
862 317 0.01
876 290 0.00
889 246 0.01
904 237 0.01
917 266 0.00
931 303 0.00
945 305 0.00
958 271 0.01
972 236 0.03
986 237 0.02
1000 279 0.01
1014 302 0.02
1031 313 0.01
1046 318 0.04
1061 316 0.02
1077 310 0.03
1093 298 0.00
1108 283 0.01
1125 287 0.00
1139 254 0.02
1156 244 0.00
1172 244 0.00
1186 241 0.01
1202 251 0.00
1218 250 0.00
1233 278 0.01
1249 294 0.00
1265 297 0.00
1280 319 0.01
1296 320 0.08
1312 320 0.04
1329 322 0.01
1342 296 0.02
1364 299 0.03
1383 278 0.01
1396 305 0.01
1410 295 0.01
1424 255 0.01
1437 224 0.00
1452 234 0.01
1467 245 0.01
1482 259 0.00
1499 273 0.00
1514 285 0.01
1529 289 0.01
1545 289 0.01
1561 284 0.01
1576 274 0.00
1593 275 0.00
1607 244 0.00
1624 228 0.01
1640 228 0.01
1654 208 0.01
1670 208 0.01
1686 210 0.00
1701 225 0.01
1717 240 0.01
1733 246 0.00
1747 276 0.00
1764 292 0.01
1779 303 0.01
1795 311 0.01
1810 310 0.03
1826 298 0.02
1842 283 0.04
1858 275 0.03
1872 248 0.04
1889 244 0.03
1904 242 0.01
1920 241 0.02
1935 244 0.01
1950 254 0.01
1967 265 0.02
1982 276 0.07
1997 287 0.04
2014 291 0.03
2029 314 0.03
2044 313 0.02
2061 313 0.01
2075 293 0.01
2092 277 0.03
2108 268 0.04
2122 240 0.03
2138 224 0.02
2154 215 0.02
2169 212 0.01
2185 218 0.01
2200 224 0.03
2215 238 0.02
2232 248 0.02
2247 262 0.02
2264 255 0.04
2278 272 0.02
2294 270 0.04
2311 272 0.03
2325 251 0.05
2348 250 0.03
2365 227 0.04
2379 266 0.02
2396 264 0.02
2409 260 0.04
2423 220 0.04
2437 184 0.05
2451 191 0.05
2465 219 0.02
2481 236 0.02
2497 251 0.03
2512 265 0.03
2528 266 0.02
2543 267 0.02
2560 257 0.03
2575 242 0.02
2592 246 0.03
2606 204 0.02
2622 188 0.03
2638 189 0.04
2653 169 0.04
2668 169 0.02
2685 169 0.02
2700 188 0.03
2715 206 0.01
2732 205 0.03
2746 235 0.03
2762 244 0.03
2779 246 0.03
2793 245 0.01
2808 239 0.02
2825 233 0.02
2840 206 0.02
2855 188 0.03
2871 172 0.02
2887 160 0.03
2903 158 0.02
2919 158 0.03
2933 171 0.03
2949 185 0.03
2965 202 0.03
2981 197 0.02
2996 232 0.02
3011 240 0.03
3028 238 0.07
3043 234 0.03
3058 224 0.02
3075 223 0.02
3090 191 0.06
3105 176 0.05
3122 172 0.03
3136 152 0.04
3152 152 0.05
3169 150 0.02
3183 163 0.03
3198 177 0.03
3215 180 0.04
3230 209 0.04
3246 222 0.02
3261 232 0.03
3276 237 0.03
3293 234 0.03
3308 225 0.01
3334 156 0.05
3348 190 0.04
3362 228 0.03
3376 233 0.03
3390 192 0.01
3403 147 0.01
3418 144 0.01
3433 183 0.00
3449 184 0.02
3464 203 0.01
3479 213 0.02
3496 211 0.02
3511 221 0.01
3526 219 0.01
3543 219 0.01
3558 205 0.01
3573 196 0.02
3590 195 0.01
3604 179 0.01
3620 173 0.01
3636 169 0.01
3651 169 0.02
3666 172 0.01
3683 180 0.02
3698 185 0.02
3714 194 0.03
3729 201 0.01
3746 200 0.02
3761 208 0.02
3776 206 0.04
3792 205 0.01
3807 190 0.03
3823 180 0.02
3840 178 0.02
3854 162 0.02
3869 156 0.02
3886 155 0.03
3901 158 0.04
3916 164 0.04
3932 173 0.02
3947 182 0.03
3963 193 0.03
3979 201 0.03
3994 207 0.03
4009 209 0.03
4026 207 0.04
4042 207 0.02
4057 191 0.03
4072 177 0.03
4089 175 0.05
4104 156 0.03
4119 149 0.03
4135 148 0.02
4151 150 0.02
4166 157 0.03
4183 159 0.02
4197 177 0.03
4212 190 0.02
4229 194 0.02
4244 205 0.03
4259 206 0.02
4275 204 0.02
4291 199 0.02
4317 162 0.02
4331 184 0.02
4344 209 0.03
4359 211 0.02
4372 189 0.02
4386 167 0.03
4400 168 0.07
4416 175 0.02
4431 184 0.06
4447 197 0.02
4462 209 0.01
4477 217 0.01
4494 220 0.02
4510 220 0.02
4527 219 0.01
4541 208 0.12
4556 197 0.03
4572 188 0.02
4587 178 0.01
4602 170 0.01
4619 166 0.01
4634 167 0.01
5610 17 0.02
5635 19 0.01
5654 15 0.01
5676 13 0.04
5727 15 0.00
5749 11 0.01
5766 16 0.01
5790 24 0.01
5806 12 0.01
5844 14 0.01
5876 13 0.02
5896 11 0.01
5909 18 0.02
7324 14 0.20
7349 17 0.05
7372 12 0.04
7691 11 0.04
7712 15 0.13
7729 16 0.04
7742 15 0.02
7770 23 0.04
7788 19 0.02
7805 15 0.02
7827 15 0.01
7857 13 0.02
7876 13 0.02
7892 14 0.03
7930 14 0.02
7950 11 0.05
7971 30 0.01
8006 16 0.01
8042 16 0.01
8058 11 0.01
8088 20 0.01
8121 17 0.01
8147 14 0.01
8190 15 0.01
8264 12 0.03


----------------------------------------
New Round

3381 1023 0.02
41210 41 0.50
41233 96 0.51
41246 262 0.51
41326 132 0.45
41341 501 0.54
41356 594 0.52
41369 596 0.50
41383 600 0.41
41397 549 0.53
41411 594 0.49
41424 705 0.54
41439 771 0.53
41452 810 0.51
41466 829 0.52
41480 846 0.50
41494 860 0.52
41508 871 0.52
41522 862 0.52
41538 825 0.51
41552 794 0.52
41566 806 0.49
41580 848 0.49
41593 872 0.48
41608 889 0.53
41624 909 0.53
41640 946 0.50
41657 973 0.48
41673 983 0.45
41691 987 0.54
41707 988 0.55
41723 984 0.50
41740 959 0.51
41757 869 0.53
41774 581 0.50
42067 320 0.52
42083 794 0.54
42097 911 0.47
42110 921 0.56
42125 944 0.46
42139 952 0.52
42152 959 0.55
42167 962 0.51
42180 965 0.50
42194 967 0.50
42208 965 0.51
42222 954 0.51
42235 925 0.51
42250 837 0.52
42263 538 0.51
42505 833 0.52
42524 801 0.48
42539 741 0.45
42552 731 0.57
42566 719 0.53
42579 690 0.52
42594 638 0.50
42607 459 0.51
42765 513 0.51
42781 811 0.79
42796 779 0.40
42809 753 0.52
42823 569 0.52
42836 131 0.53
46629 400 0.50
46645 645 0.52
46659 684 0.54
46672 675 0.50
46687 664 0.51
46701 616 0.52
46714 527 0.53
46729 110 0.51
47239 311 0.52
47255 273 0.52
47269 304 0.52
47283 184 0.52
48057 163 0.51
48073 186 0.52
48088 26 0.52
48473 329 0.50
48489 329 0.59
48503 45 0.53
48718 40 0.52
48734 487 0.63
48751 153 0.50
48933 597 0.44
48949 489 0.63
48963 412 0.53
49704 239 0.51
49721 545 0.50
49735 631 0.53
49748 662 0.51
49763 686 0.51
49776 692 0.52
49790 697 0.52
49804 755 0.52
49818 809 0.52
49831 849 0.52
49846 877 0.52
49859 902 0.53
49873 921 0.51
49887 940 0.53
49901 962 0.52
49914 974 0.52
49929 983 0.55
49942 988 0.53
49956 992 0.51
49970 994 0.51
49986 998 0.55
50002 1000 0.55
50020 1002 0.61
50038 1003 0.52
50056 1005 0.52
50073 1006 0.55
50091 1007 0.51
50110 1008 0.50
50126 1009 0.54
50144 1009 0.56
50162 1009 0.55
50180 1009 0.55
50197 1009 0.55
50214 1009 0.65
50233 1009 0.50
50250 1010 0.55
50268 1010 0.55
50285 1010 0.54
50308 1011 0.54
50325 1011 0.51
50339 1011 0.55
50356 1011 0.53
50374 1011 0.55
50392 1012 0.53
50409 1012 0.53
50427 1012 0.53
50445 1012 0.56
50462 1013 0.55
50480 1012 0.54
50498 1012 0.54
50515 1012 0.55
50533 1013 0.56
50550 1013 0.67
50569 1013 0.62
50586 1013 0.55
50604 1013 0.55
50621 1013 0.55
50640 1014 0.55
50657 1014 0.53
50674 1014 0.52
50693 1014 0.54
50710 1014 0.53
50727 1015 0.52
50745 1015 0.52
50763 1015 0.51
50781 1016 0.56
50798 1015 0.54
50816 1015 0.54
50834 1016 0.53
50851 1016 1.10
50869 1016 0.58
50886 1016 0.53
50905 1016 0.53
50922 1016 0.51
50939 1017 0.53
50958 1016 0.54
50975 1016 0.54
50993 1017 0.53
51010 1017 0.54
51028 1017 0.53
51046 1017 0.53
51063 1017 0.53
51081 1017 0.52
51099 1018 0.54
51117 1017 0.58
51134 1017 0.52
51151 1018 0.51
51171 1017 0.51
51187 1017 0.53
51205 1018 0.53
51222 1017 0.52
51240 1017 0.53
51258 1018 0.51
51275 1017 0.51
51294 1017 0.52
51311 1018 0.53
51329 1017 0.55
51346 1017 0.51
51364 1018 0.50
51382 1017 0.52
51399 1017 0.58
51426 1017 0.51
51439 1016 0.52
51453 1016 0.53
51470 1016 0.52
51487 1015 0.61
51506 1013 0.52
51523 1011 0.52
51540 1007 0.52
51559 1002 0.54
51576 996 0.53
51593 988 0.52
51609 975 0.51
51627 959 0.51
51643 934 0.51
51659 894 0.52
51676 819 0.52
51693 641 0.50
51709 238 0.51
51726 15 0.54
52410 53 0.53
52426 254 0.54
52440 84 0.56
52454 250 0.53
52467 273 0.53
52482 292 0.53
53027 292 0.53
53044 465 0.56
53057 366 0.51
53071 204 0.53
53451 339 0.53
53468 582 0.55
53482 393 0.52
53824 504 0.54
53840 604 0.53
53855 421 0.54
54746 325 0.54
54762 793 0.54
54775 920 0.48
54790 952 0.57
54803 972 0.52
54817 983 0.52
54831 994 0.55
54845 1000 0.54
54858 1004 0.54
54873 1007 0.54
54886 1008 0.53
54900 1009 0.52
54915 1011 0.51
54928 1012 0.54
54944 1013 0.54
54959 1014 0.54
54972 1014 0.54
54987 1014 0.53
55005 1015 0.53
55022 1015 0.51
55041 1015 0.52
55058 1016 0.54
55075 1016 0.54
55094 1016 0.43
55111 1016 0.51
55129 1016 0.54
55146 1016 0.54
55169 1017 0.63
55186 1016 0.52
55200 1016 0.53
55217 1016 0.54
55235 1016 0.53
55252 1016 0.54
55270 1016 0.53
55287 1016 0.54
55306 1013 0.54
55323 1010 0.53
55341 1004 0.51
55358 987 0.56
55375 948 0.59
55392 777 0.54
55409 150 0.58
56064 327 0.56
56080 885 0.50
56096 856 0.58
56110 839 0.56
56124 780 0.57
56138 499 0.57
56497 822 0.56
56513 953 0.94
56526 944 0.75
56541 893 0.60
56554 809 0.55
56568 389 0.56
57163 348 0.56
57180 983 0.57
57193 994 0.55
57207 1000 0.57
57221 1004 0.53
57235 1008 0.48
57248 1010 0.61
57263 1012 0.56
57276 1013 0.57
57290 1013 0.54
57305 1014 0.55
57318 1015 0.59
57332 1015 0.55
57346 1015 0.56
57360 1015 0.55
57374 1015 0.53
57392 1016 0.54
57409 1016 0.54
57426 1016 0.55
57445 1016 0.54
57462 1015 0.56
57480 1016 0.53
57497 1015 0.55
57516 1015 0.55
57533 1014 0.55
57550 1014 0.54
57568 1012 0.55
57586 1010 0.55
57604 1004 0.59
57621 995 0.63
57638 976 0.52
57655 904 0.55
57671 317 0.57
57688 100 0.52
58228 558 0.57
58245 997 1.12
58271 1003 0.83
58285 1001 0.54
58299 999 0.63
58312 995 0.64
58327 987 0.55
58340 976 0.54
58354 953 0.57
58368 903 0.52
58382 789 0.52
58396 342 0.52
59358 1002 0.57
59374 1011 0.99
59387 1013 0.87
59402 1013 0.97
59415 1012 0.55
59429 1011 0.69
59446 1009 0.65
59460 1008 0.67
59473 1005 0.56
59488 997 0.64
59501 983 0.50
59515 927 0.49
59529 545 0.58
60897 1002 0.69
60913 1012 1.53
60926 1015 1.41
60941 1015 0.27
60954 1015 0.71
60968 1016 0.70
60982 1016 0.79
60996 1016 0.68
61010 1016 0.55
61024 1017 0.71
61038 1017 0.72
61051 1017 0.45
61066 1018 0.49
61079 1018 0.47
61093 1018 0.48
61110 1017 0.50
61128 1018 0.50
61146 1018 0.51
61163 1018 0.54
61181 1018 0.56
61199 1018 0.55
61216 1017 0.55
61234 1017 0.55
61252 1015 0.55
61270 1013 0.56
61287 1005 0.57
61304 991 0.55
61322 959 0.55
61338 719 0.56
61360 181 0.65
62336 585 0.59
62352 924 0.69
62366 925 0.62
62380 910 0.59
62394 892 0.57
62407 821 0.60
62422 618 0.58
62436 90 0.58
63080 1002 0.59
63096 1009 0.86
63122 1013 0.83
63136 1014 0.63
63150 1015 0.58
63164 1015 0.68
63177 1016 0.79
63192 1016 0.60
63206 1017 0.58
63219 1017 0.54
63234 1017 0.46
63247 1018 0.55
63261 1017 0.59
63275 1017 0.57
63289 1017 0.50
63302 1018 0.52
63320 1018 0.48
63337 1018 0.52
63355 1018 0.52
63373 1017 0.53
63390 1017 0.54
63408 1014 0.56
63426 1009 0.57
63443 1002 0.59
63461 986 0.54
63478 941 0.66
63495 273 0.66
64115 582 0.59
64132 930 1.07
64145 922 0.77
64159 888 0.58
64173 863 0.55
64187 780 0.61
64200 439 0.56
64885 916 0.60
64902 1000 1.73
64916 1006 0.83
64929 1009 0.75
64944 1012 0.63
64958 1013 0.56
64971 1014 0.58
64986 1014 0.57
64999 1015 0.52
65013 1015 0.55
65027 1016 0.54
65041 1016 0.57
65054 1017 0.56
65072 1017 0.57
65085 1017 0.56
65099 1017 0.55
65116 1017 0.56
65134 1018 0.57
65152 1017 0.57
65169 1018 0.57
65187 1018 0.55
65205 1018 0.56
65222 1018 0.57
65240 1018 0.57
65258 1018 0.56
65275 1018 0.58
65293 1018 0.57
65310 1017 0.57
65329 1016 0.57
65346 1014 0.59
65371 1008 0.63
65391 987 0.57
65404 942 0.59
65419 567 0.63
65432 97 0.64
134263 11 0.50
134282 143 0.51
134299 140 0.47
134316 140 0.49
134332 137 0.48
134348 131 0.48
134365 128 0.47
134379 52 0.47
134392 71 0.44
134409 71 0.48
134423 189 0.54
134437 283 0.49
134451 258 0.47
134465 144 0.53
134478 45 0.49
134493 65 0.48
134506 181 0.49
134520 283 0.49
134534 261 0.63
134548 117 0.47
134562 42 0.55
134576 60 0.47
134593 63 0.53
134609 68 0.53
134626 60 0.55
134642 59 0.56
134660 54 0.55
134676 55 0.53
134692 56 0.54
134709 55 0.55
134726 58 0.54
134743 54 0.54
134759 56 0.54
134775 53 0.53
134793 53 0.54
134809 49 0.54
134825 56 0.54
134842 55 0.54
134859 56 0.54
134876 46 0.54
134892 46 0.54
134908 59 0.54
134926 61 0.54
134942 47 0.54
134959 64 0.54
134975 68 0.54
134992 67 0.54
135009 74 0.54
135025 74 0.54
135042 78 0.54
135059 79 0.54
135075 82 0.54
135092 86 0.54
135108 87 0.54
135126 87 0.54
135142 92 0.54
135158 92 0.54
135175 96 0.54
135203 282 0.54
135218 275 0.54
135231 170 0.54
135245 74 0.54
135262 70 0.54
135278 70 0.54
135294 79 0.54
135311 79 0.55
135328 87 0.55
135345 93 0.54
135362 102 0.54
135378 112 0.54
135397 137 0.55
135414 179 0.56
135432 224 0.54
135449 262 0.54
135468 293 0.55
135485 311 0.55
135502 320 0.55
135521 307 0.61
135538 275 0.49
135556 238 0.57
135573 189 0.56
135591 147 0.53
135609 119 0.56
135626 99 0.55
135643 101 0.55
135661 100 0.55
135678 118 0.54
135696 149 0.55
135713 191 0.55
135732 236 0.54
135749 275 0.55
135767 308 0.55
135785 325 0.55
135802 326 0.55
135820 315 0.55
135837 287 0.54
135856 246 0.55
135873 206 0.55
135890 165 0.55
135908 130 0.54
135926 113 0.55
135944 109 0.55
135961 123 0.54
135979 151 0.55
135997 188 0.55
136014 230 0.55
136032 273 0.55
136049 309 0.55
136068 330 0.55
136085 336 0.55
136102 328 0.55
136121 304 0.55
136138 271 0.54
136156 233 0.55
136173 192 0.55
136192 155 0.54
136209 131 0.55
136226 120 0.55
136244 128 0.55
136262 151 0.55
136284 374 0.55
136312 153 0.55
136327 78 0.55
136340 157 0.55
136354 306 0.54
136368 371 0.55
136385 365 0.55
136402 319 0.55
136420 331 0.55
136437 293 0.55
136456 241 0.55
136473 176 0.55
136491 127 0.54
136508 107 0.54
136526 96 0.53
136543 92 0.57
136559 84 0.56
136577 59 0.55
136593 56 0.55
136609 57 0.56
136626 59 0.56
136643 60 0.55
136659 60 0.56
136676 59 0.56
136692 60 0.55
136709 60 0.56
136726 59 0.56
136742 62 0.55
136759 61 0.56
136775 61 0.55
136793 63 0.55
136809 62 0.56
136825 63 0.56
136842 65 0.56
136859 66 0.56
136876 67 0.56
136892 68 0.56
136908 69 0.56
136926 69 0.55
136942 71 0.56
136958 72 0.56
136975 72 0.56
136992 73 0.56
137009 75 0.56
137025 75 0.55
137041 76 0.56
137059 75 0.55
137075 79 0.56
137092 80 0.56
137108 81 0.56
137125 77 0.56
137142 81 0.55
137158 80 0.55
137175 78 0.56
137192 76 0.56
137208 77 0.55
137225 77 0.56
137241 77 0.56
137259 73 0.55
137275 74 0.56
137291 76 0.56
137308 73 0.56
137325 73 0.56
137356 162 0.56
137369 283 0.55
137383 312 0.55
137397 221 0.55
137412 150 0.55
137430 197 0.56
137447 242 0.56
137465 284 0.56
137483 310 0.56
137500 318 0.56
137519 309 0.55
137536 281 0.56
137553 245 0.56
137571 195 0.55
137589 149 0.55
137607 111 0.56
137624 80 0.55
137640 80 0.56
137658 79 0.55
137674 82 0.55
137691 80 0.56
137707 82 0.55
137724 84 0.56
137741 84 0.56
137757 82 0.55
137774 83 0.56
137791 83 0.55
137807 87 0.55
137824 85 0.55
137840 87 0.55
137858 87 0.56
137874 86 0.56
137890 86 0.55
137908 86 0.55
137924 89 0.56
137940 90 0.56
137957 88 0.55
137974 86 0.56
137991 89 0.56
138007 91 0.55
138023 93 0.56
138041 83 0.56
138057 93 0.56
138074 95 0.55
138090 94 0.56
138106 94 0.56
138124 93 0.56
138140 93 0.56
138157 97 0.55
138173 97 0.55
138190 97 0.56
138207 99 0.55
138223 99 0.55
138240 98 0.55
138257 97 0.56
138273 100 0.55
138291 78 0.55
138307 77 0.55
138324 78 0.56
138341 78 0.55
138357 79 0.56
138374 79 0.56
138399 314 0.56
138419 282 0.56
138433 322 0.56
138446 240 0.56
138462 165 0.56
138479 214 0.55
138497 259 0.56
138515 296 0.56
138532 317 0.55
138550 324 0.55
138567 314 0.56
138586 284 0.56
138603 244 0.55
138622 135 0.56
138638 152 0.55
138656 112 0.56
138674 83 0.56
138690 87 0.55
138706 86 0.55
138724 81 0.56
138740 86 0.56
138757 88 0.56
138773 86 0.55
138790 82 0.56
138807 87 0.56
138823 88 0.56
138840 90 0.56
138857 83 0.56
138873 90 0.56
138890 90 0.56
138906 94 0.56
138924 96 0.57
138940 97 0.55
138956 95 0.55
138973 95 0.56
138990 95 0.56
139006 94 0.55
139023 94 0.56
139039 92 0.56
139057 94 0.56
139073 94 0.55
139089 94 0.55
139106 94 0.57
139123 94 0.56
139140 95 0.55
139156 95 0.55
139172 96 0.56
139190 97 0.56
139206 92 0.56
139223 98 0.55
139239 98 0.56
139256 97 0.56
139273 92 0.56
139289 98 0.55
139305 99 0.56
139323 99 0.56
139339 90 0.55
139356 98 0.56
139372 97 0.56
139389 97 0.56
139406 89 0.56
139422 98 0.56
139439 100 0.55
139467 307 0.55
139482 317 0.56
139495 217 0.56
139509 130 0.55
139528 176 0.55
139545 221 0.56
139563 268 0.56
139581 306 0.56
139598 326 0.56
139616 326 0.56
139633 315 0.56
139652 283 0.55
139669 240 0.55
139686 191 0.56
139704 144 0.56
139722 110 0.55
139740 86 0.56
139756 84 0.56
139772 85 0.56
139790 81 0.55
139806 83 0.56
139823 87 0.55
139839 85 0.56
139856 83 0.56
139873 87 0.56
139889 88 0.56
139906 90 0.56
139923 90 0.56
139939 90 0.56
139956 89 0.56
139972 88 0.56
139990 92 0.56
140006 90 0.55
140022 91 0.55
140039 91 0.55
140056 92 0.56
140072 92 0.56
140089 94 0.56
140105 94 0.56
140123 94 0.56
140139 91 0.55
140155 96 0.55
140172 96 0.55
140189 96 0.55
140206 92 0.56
140222 92 0.55
140238 95 0.56
140256 98 0.55
140272 91 0.56
140289 98 0.56
140305 96 0.55
140322 97 0.55
140339 93 0.56
140355 97 0.56
140371 99 0.55
140389 98 0.56
140405 89 0.56
140422 98 0.55
140438 99 0.55
140455 102 0.56
140473 86 0.56
140489 85 0.56
140512 248 0.56
140531 328 0.56
140546 268 0.55
140559 146 0.55
140577 185 0.56
140595 231 0.56
140612 276 0.56
140630 309 0.56
140648 327 0.56
140665 326 0.55
140683 312 0.55
140700 279 0.56
140719 235 0.56
140736 188 0.56
140755 101 0.55
140771 111 0.55
140789 91 0.55
140806 90 0.56
140822 91 0.55
140838 90 0.54
140856 91 0.54
140872 89 0.56
140889 91 0.56
140905 91 0.55
140922 89 0.55
140939 89 0.57
140955 89 0.56
140972 90 0.55
140989 92 0.55
141005 92 0.56
141022 90 0.55
141038 88 0.55
141056 91 0.57
141072 90 0.56
141088 93 0.56
141105 91 0.55
141122 92 0.56
141138 88 0.56
141155 92 0.56
141171 93 0.56
141189 91 0.55
141205 87 0.56
141221 87 0.55
141238 87 0.56
141255 90 0.56
141272 85 0.56
141288 85 0.55
141304 91 0.56
141322 88 0.56
141338 85 0.56
141355 89 0.56
141371 87 0.56
141388 89 0.56
141405 82 0.56
141421 92 0.56
141437 90 0.56
141455 91 0.55
141472 84 0.56
141488 92 0.56
141504 94 0.56
141521 95 0.56
141538 96 0.56
141554 96 0.56
141583 293 0.56
141596 317 0.56
141611 229 0.56
141624 115 0.56
141642 146 0.56
141660 191 0.56
141677 237 0.56
141694 278 0.56
141713 312 0.56
141730 325 0.56
141748 325 0.56
141765 307 0.56
141784 270 0.56
141801 229 0.56
141818 179 0.56
141836 140 0.56
141854 109 0.56
141872 90 0.56
141888 91 0.56
141904 92 0.56
141922 90 0.56
141938 92 0.56
141955 91 0.56
141971 92 0.56
141988 89 0.56
142005 93 0.55
142021 93 0.56
142038 93 0.56
142055 95 0.56
142071 95 0.56
142088 96 0.56
142104 94 0.56
142121 94 0.56
142138 95 0.56
142154 94 0.56
142171 92 0.56
142188 93 0.55
142204 92 0.56
142221 91 0.56
142237 93 0.56
142255 90 0.56
142271 93 0.56
142287 89 0.56
142304 92 0.56
142321 88 0.56
142338 92 0.56
142354 87 0.56
142370 90 0.56
142388 89 0.56
142404 89 0.55
142420 92 0.56
142437 92 0.56
142454 91 0.56
142471 90 0.55
142487 92 0.56
142503 94 0.55
142521 95 0.56
142537 89 0.56
142554 96 0.56
142570 95 0.56
142587 96 0.56
142604 92 0.56
142626 236 0.56
142646 327 0.56
142660 257 0.56
142673 137 0.56
142691 158 0.56
142709 203 0.56
142727 250 0.55
142744 287 0.56
142761 321 0.56
142780 327 0.56
142797 323 0.55
142815 304 0.56
142832 265 0.55
142851 222 0.56
142868 179 0.56
142887 96 0.56
142902 136 0.57
142920 99 0.56
142937 101 0.56
142954 90 0.56
142970 92 0.55
142988 89 0.56
143004 92 0.56
143021 92 0.57
143037 88 0.55
143054 91 0.56
143071 91 0.55
143087 94 0.56
143104 92 0.56
143121 91 0.56
143137 93 0.56
143154 91 0.55
143170 94 0.56
143187 92 0.56
143204 95 0.55
143220 96 0.54
143237 94 0.57
143254 97 0.55
143270 95 0.56
143287 95 0.56
143303 95 0.55
143321 96 0.55
143337 95 0.56
143353 94 0.56
143370 97 0.56
143387 97 0.55
143404 94 0.55
143420 96 0.54
143436 96 0.55
143454 94 0.55
143470 99 0.56
143486 97 0.63
143503 98 0.52
143520 97 0.56
143537 97 0.56
143553 95 0.55
143569 98 0.55
143587 98 0.54
143603 98 0.55
143620 98 0.55
143636 100 0.55
143654 94 0.56
143671 92 0.55
143699 249 0.55
143713 329 0.55
143727 294 0.55
143740 177 0.56
143758 216 0.56
143776 263 0.55
143794 300 0.57
143811 324 0.54
143828 332 0.58
143847 325 0.56
143864 298 0.56
143882 264 0.53
143899 217 0.55
143918 169 0.56
143935 134 0.55
143954 94 0.55
143969 103 0.53
143987 93 0.57
144004 94 0.54
144020 94 0.56
144036 93 0.54
144054 95 0.55
144070 93 0.55
144087 95 0.55
144103 93 0.56
144120 94 0.56
144137 94 0.56
144153 94 0.55
144169 93 0.57
144187 94 0.57
144203 92 0.55
144220 93 0.55
144236 94 0.54
144253 94 0.55
144270 93 0.54
144286 95 0.54
144303 93 0.57
144320 96 0.55
144336 92 0.54
144353 93 0.53
144369 93 0.54
144389 154 0.60
144405 142 0.56
144421 106 0.51
144440 209 0.55
144457 332 0.55
144476 583 0.54
144492 539 0.53
144510 599 0.52
144528 417 0.57
144545 417 0.54
144563 400 0.51
144581 364 0.55
144599 322 0.55
144616 270 0.55
144633 229 0.55
144652 192 0.53
144669 174 0.56
144687 167 0.55
144705 183 0.56
144722 213 0.54
144740 252 0.55
144762 401 0.55
144782 292 0.55
144796 390 0.52
144811 396 0.53
144828 397 0.57
144846 385 0.54
144864 364 0.61
144881 323 0.52
144899 163 0.53
144917 79 0.52
144933 101 0.51
144951 38 0.54
144970 28 0.53
144987 26 0.53
145004 39 0.53
145020 51 0.52
145034 22 0.53
145053 21 0.51
145070 17 0.52
145084 25 0.51
145100 16 0.53
152965 79 0.55
152981 724 0.43
152995 762 0.62
153009 795 0.52
153023 818 0.56
153036 845 0.59
153051 862 0.58
153065 873 0.53
153078 881 0.51
153093 885 0.51
153106 886 0.51
153120 883 0.59
153134 872 0.62
153148 837 0.56
153162 782 0.56
153178 671 0.59
153195 468 0.57
153213 32 0.53
154017 97 0.55
154034 347 0.56
154048 384 0.54
154061 436 0.55
154076 494 0.56
154089 560 0.56
154105 585 0.57
154120 544 0.55
154134 452 0.56
154147 290 0.56
154162 110 0.55
154803 36 0.56
154819 209 0.56
154832 260 0.56
154847 281 0.55
154860 283 0.56
154874 202 0.55
154888 82 0.56
155553 28 0.55
155570 237 0.56
155584 402 0.56
155597 546 0.56
155612 616 0.54
155625 662 0.60
155654 732 0.54
155668 770 0.55
155681 800 0.56
155696 825 0.59
155709 837 0.60
155723 844 0.56
155737 852 0.56
155751 861 0.58
155764 870 0.57
155779 877 0.58
155792 881 0.59
155806 885 0.60
155821 890 0.59
155837 895 0.59
155855 900 0.58
155873 904 0.57
155890 912 0.60
155908 915 0.60
155926 918 0.58
155943 920 0.59
155961 922 0.60
155978 924 0.58
155997 925 0.58
156014 927 0.58
156032 927 0.59
156049 929 0.60
156067 931 0.61
156085 931 0.58
156102 932 0.58
156121 933 0.61
156138 934 0.60
156155 936 0.58
156173 940 0.59
156191 941 0.48
156209 942 0.44
156226 945 0.60
156243 948 0.64
156262 949 0.52
156279 950 0.60
156297 951 0.68
156314 951 0.73
156333 951 0.72
156350 951 0.63
156367 950 0.61
156385 951 0.61
156403 952 0.63
156421 954 0.62
156438 956 0.62
156456 957 0.63
156474 959 0.63
156491 960 0.63
156509 962 0.60
156527 964 0.63
156545 967 0.64
156562 970 0.62
156579 972 0.62
156598 973 0.64
156615 974 0.62
156633 975 0.62
156650 977 0.65
156668 978 0.66
156686 979 0.60
156708 980 0.65
156728 981 0.64
156742 981 0.63
156756 981 0.58
156774 981 0.65
156792 982 0.66
156810 982 0.65
156827 983 0.64
156845 983 0.64
156863 984 0.64
156880 984 0.64
156898 986 0.66
156915 986 0.57
156934 987 0.70
156951 987 0.69
156968 988 0.65
156987 988 0.64
157004 987 0.64
157022 988 0.62
157039 989 0.66
157058 989 0.72
157075 989 0.65
157092 989 0.60
157110 989 0.62
157128 990 0.70
157146 992 0.72
157163 991 0.62
157180 991 0.62
157199 992 0.65
157216 992 0.71
157234 992 0.67
157252 992 0.61
157270 992 0.66
157287 992 0.72
157304 993 0.65
157323 991 0.64
157340 989 0.63
157358 987 0.65
157375 982 0.65
157393 973 0.70
157411 957 0.71
157430 938 0.62
157446 925 0.67
157464 905 0.66
157481 878 0.63
157499 845 0.62
157516 791 0.58
157535 674 0.60
157552 511 0.67
157570 334 0.55
157588 170 0.62
157605 50 0.60
157978 19 0.62
157995 30 0.65
158013 12 0.66
158027 25 0.65
158134 34 0.62
158150 206 0.59
158163 261 0.63
158178 303 0.67
158191 334 0.62
158205 360 0.62
158219 380 0.62
158247 315 0.62
158262 372 0.66
158275 436 0.62
158289 483 0.61
158303 527 0.64
158317 591 0.65
158330 660 0.66
158345 730 0.64
158358 787 0.60
158370 832 0.64
158384 872 0.64
158399 904 0.65
158417 926 0.63
158435 939 0.67
158452 952 0.64
158470 962 0.57
158488 969 0.63
158505 974 0.66
158523 977 0.66
158540 979 0.64
158559 982 0.62
158576 984 0.61
158594 987 0.64
158611 988 0.65
158629 989 0.64
158647 991 0.65
158664 992 0.64
158683 992 0.64
158700 993 0.65
158717 994 0.63
158735 995 0.61
158753 995 0.67
158771 995 0.67
158788 996 0.62
158806 996 0.62
158824 997 0.69
158841 996 0.62
158859 997 0.62
158876 998 0.64
158896 998 0.67
158912 998 0.66
158929 999 0.67
158948 999 0.62
158965 999 0.70
158983 1000 0.63
159001 999 0.63
159020 1000 0.63
159038 1000 0.69
159056 1000 0.64
159075 1000 0.69
159094 1000 0.64
159113 1000 0.65
159131 1000 0.65
159151 999 0.62
159168 999 0.62
159185 997 0.64
159203 995 0.63
159221 992 0.70
159239 986 0.58
159256 978 0.72
159273 964 0.64
159292 934 0.66
159309 880 0.65
159338 725 0.71
159351 652 0.69
159366 601 0.65
159380 503 0.58
159397 333 0.65
159416 152 0.63
159433 177 0.64
159451 14 0.65
160282 607 0.70
160299 933 2.80
160313 942 0.88
160326 945 1.13
160340 936 0.56
160354 915 0.85
160368 883 0.55
160382 843 1.03
160396 802 1.58
160410 793 0.92
160423 735 1.12
160438 625 1.31
160451 490 0.76
160465 327 0.93
160479 58 0.74
160495 27 0.72
161660 763 0.80
161677 917 2.74
161690 908 1.65
161704 871 1.99
161718 755 1.76
161732 457 1.51
161746 33 1.39
161812 13 0.79
161828 71 0.78
161842 14 0.68


----------------------------------------
New Round



----------------------------------------
New Round

956 528 0.16
972 914 0.57
986 922 0.38
1000 925 0.26
1013 913 0.26
1028 899 0.30
1041 882 0.45
1055 862 0.23
1069 821 0.47
1083 778 0.35
1096 714 0.17
1111 628 0.17
1727 647 0.08
1743 917 1.54
1757 916 0.73
1771 917 0.45
1784 908 0.34
1799 890 0.58
1812 856 0.61
1826 806 0.14
1840 740 0.12
1854 615 0.17
2827 826 0.05
2842 873 0.72
2856 875 0.25
2870 894 0.17
2893 895 0.31
2916 883 0.16
2932 856 0.13
2946 818 0.09
2960 768 0.16
2973 666 0.04
2988 504 0.11
4345 869 0.17
4362 939 1.73
4376 950 1.95
4389 952 0.51
4404 955 1.04
4417 957 0.37
4431 957 0.39
4445 958 0.45
4459 961 0.77
4472 964 0.61
4487 966 0.62
4500 967 0.11
4514 966 0.24
4528 963 0.13
4541 961 0.12
4555 958 0.15
4569 950 0.12
4583 933 0.17
4596 907 0.14
4611 863 0.03
4624 791 0.13
4638 693 0.06
4652 576 0.12
5450 871 0.08
5467 900 0.90
5481 896 1.01
5494 892 0.44
5509 860 0.32
5522 808 0.48
5536 739 0.68
5553 567 0.29
6142 942 0.20
6159 951 1.00
6172 961 2.09
6185 964 0.57
6200 965 0.78
6213 967 1.03
6227 970 0.77
6241 972 0.87
6255 973 0.38
6268 976 0.58
6283 976 0.34
6296 975 0.15
6310 973 0.13
6324 974 0.23
6338 975 0.06
6351 974 0.08
6366 972 0.07
6379 967 0.04
6393 960 0.11
6407 949 0.06
6421 931 0.05
6434 902 0.06
6449 860 0.16
6462 783 0.17
6476 691 0.10
26914 505 0.09
26931 601 0.08
26944 673 0.07
26958 720 0.04
26972 754 0.12
26986 779 0.11
26999 806 0.12
27017 837 0.10
27030 857 0.07
27044 870 0.23
27058 884 0.09
27072 895 0.21
27085 907 0.10
27100 916 0.11
27113 923 0.11
27127 926 0.05
27141 929 0.04
27155 933 0.17
27168 937 0.27
27183 940 0.18
27196 943 0.07
27212 945 0.08
27229 948 0.12
27245 951 0.07
27262 954 0.16
27279 956 0.06
27295 959 0.18
27312 962 0.16
27329 964 0.09
27345 967 0.08
27362 969 0.12
27378 970 0.10
27396 972 0.11
27412 973 0.09
27428 975 0.11
27445 977 0.13
27462 979 0.11
27479 980 0.06
27495 981 0.12
27511 982 0.13
27529 983 0.13
27545 983 0.07
27561 985 0.12
27578 986 0.15
27595 986 0.37
27612 987 0.20
27628 988 0.23
27644 989 0.22
27662 989 0.24
27678 989 0.15
27695 990 0.08
27711 990 0.14
27728 991 0.39
27745 992 0.17
27761 993 0.09
27778 993 0.27
27795 994 0.28
27811 994 0.18
27828 994 0.12
27844 994 0.15
27862 994 0.19
27878 994 0.17
27900 994 0.16
27920 995 0.17
27934 995 0.19
27948 995 0.13
27962 995 0.15
27977 996 0.16
27995 996 0.25
28011 997 0.10
28027 997 0.27
28044 997 0.24
28061 997 0.13
28078 997 0.11
28094 997 0.13
28110 997 0.17
28128 997 0.15
28144 997 0.15
28161 997 0.12
28177 998 0.09
28194 998 0.16
28211 997 0.13
28227 997 0.12
28243 995 0.18
28261 992 0.16
28277 987 0.37
28294 981 0.28
28310 976 0.27
28327 968 0.31
28344 957 0.33
28360 943 0.37
28377 922 0.11
28394 893 0.29
28410 858 0.24
28427 814 0.16
28443 768 0.16
28461 703 0.11
28477 635 0.24
28493 567 0.13
29132 523 0.08
29149 610 0.10
29162 669 0.10
29176 706 0.06
29193 733 0.10
29207 773 0.25
29220 813 0.15
29235 843 0.12
29248 868 0.06
29262 887 0.11
29276 899 0.13
29290 908 0.18
29303 915 0.18
29318 920 0.12
29331 927 0.10
29345 935 0.11
29359 941 0.11
29373 945 0.09
29386 947 0.11
29401 950 0.11
29414 954 0.14
29430 958 0.09
29447 960 0.12
29463 963 0.13
29480 966 0.05
29497 969 0.09
29524 973 0.09
29539 975 0.13
29553 977 0.07
29566 979 0.15
29581 980 0.09
29596 981 0.09
29614 982 0.09
29630 983 0.09
29646 984 0.02
29663 985 0.09
29691 986 0.11
29791 989 0.11
29888 990 0.11
29985 990 0.08
30084 992 0.21
30110 992 0.25
30125 992 0.07
30138 993 0.19
30152 993 0.15
30166 993 0.12
30180 993 0.09
30193 993 0.12
30208 992 0.09
30221 992 0.08
30235 992 0.16
30249 992 0.23
30263 992 0.24
30277 992 0.11
30290 991 0.08
30305 991 0.09
30318 991 0.07
30332 990 0.10
30346 989 0.08
30360 989 0.09
30375 987 0.09
30393 985 0.11
30409 982 0.10
30426 979 0.09
30442 973 0.14
30459 967 0.19
30476 957 0.12
30492 943 0.08
30520 909 0.07
30536 880 0.16
30552 830 0.08
30568 770 0.09
30583 681 0.10
68811 1023 0.52
68835 1023 0.51
68853 1022 0.50
69313 1023 0.50
70837 1023 0.45
70855 1023 0.46
70875 1023 0.50
72031 1023 0.17
72052 1023 0.24
183325 508 0.89
183344 733 0.85
183360 849 0.75
183376 894 0.61
183392 908 0.55
183408 919 0.73
183425 927 0.89
183453 933 1.05
183470 935 1.02
183485 933 0.97
183501 925 0.98
183518 897 0.99
183533 840 0.94
183549 749 0.95
183566 563 0.97
184085 768 0.86
184103 804 1.17
184122 845 1.23
184138 866 1.18
184154 876 1.25
184170 879 1.14
184186 881 0.94
184202 879 0.81
184218 864 0.79
184235 818 0.87
184250 723 0.94
187092 625 1.94
187111 889 2.84
187127 799 1.68
191202 501 1.94
191220 542 1.82
191237 547 1.77
191252 532 1.85
191268 532 1.90
191285 566 1.85
191300 576 1.83
191316 578 1.85
191333 578 1.84
191348 575 1.81
191365 568 1.83
191381 557 1.87
191396 543 1.86
191413 513 1.85
194821 952 1.74
194839 959 3.15
194855 914 3.28
196485 950 2.40
196506 982 5.44
196523 514 3.03
197576 974 3.22
197595 1002 7.14
197611 944 1.79
197626 894 2.53
197643 946 1.88
197659 977 2.63
197675 976 3.33
197691 950 2.15
197707 921 1.68
197723 894 1.26
197739 865 1.36
197755 796 1.56
197771 598 1.59
199276 983 2.53
199294 1002 6.47
199311 903 1.08
200680 846 2.20
200698 991 4.97
200715 862 3.52
201997 848 2.14
202024 960 2.17
203536 880 2.07
203554 943 2.75
203571 725 2.80
204380 874 1.99
204398 982 3.76
204414 896 3.21
204431 526 1.80
205264 611 2.14
205283 972 3.41
205299 889 3.21
205315 612 1.99
206537 893 2.47
206556 989 6.96
206572 922 1.42
206588 784 1.49
206604 651 2.40
206620 831 1.78
206637 901 2.05
206652 910 2.24
206668 829 1.76
206685 546 1.63
207711 964 2.95
207729 1002 6.97
207746 955 3.38
207761 941 2.95
207777 967 2.37
207794 981 2.28
207809 980 1.77
207825 969 1.44
207842 950 1.36
207857 920 1.46
207874 884 1.72
207890 819 1.81
207906 673 1.78
208807 989 2.42
208826 992 4.62
208841 972 0.89
208861 971 1.23
208877 976 2.06
208892 976 2.54
208909 970 2.96
208925 951 2.37
208941 909 1.78
208957 802 1.51
210989 894 2.25
211007 961 3.09
211023 811 2.62
211770 924 2.23
211788 982 3.28
211805 900 1.91
211821 811 1.24
211836 540 1.65
212564 959 2.14
212583 982 6.94
212599 808 3.63
212634 562 1.63
212653 778 2.55
212669 657 1.74
213340 981 2.25
213358 956 6.03
213374 923 1.81
213390 843 0.97
213419 856 2.03
213435 882 2.75
213450 854 2.61
213467 784 2.06
214103 955 1.93
214123 913 7.02
214139 926 1.68
214156 900 2.09
214171 865 1.71
214188 882 2.29
214204 884 2.43
214219 847 2.09
214236 694 1.72
214882 970 2.77
214900 986 7.79
214917 932 2.42
214933 852 2.48
214948 894 1.54
214965 950 1.62
214981 954 2.71
214996 859 1.81
215013 561 1.66
215638 664 2.65
215656 975 4.37
215672 971 2.42
215688 945 1.88
215704 953 1.54
215720 967 1.79
215736 956 2.42
215752 911 2.15
215769 757 1.67
216401 996 3.55
216419 921 8.50
216463 891 1.97
216502 929 2.27
216520 897 2.25
217223 992 4.02
239561 522 1.57
239583 742 1.51
239599 809 1.45
239614 856 1.42
239631 888 1.44
239647 914 1.52
239663 936 1.58
239679 949 1.60
239695 960 1.68
239711 966 1.62
239727 968 1.52
239742 969 1.48
239759 968 1.48
239775 967 1.47
239791 964 1.50
239807 957 1.49
239823 945 1.50
239839 924 1.46
239855 887 1.48
239872 820 1.52
239896 662 1.58
240498 728 1.59
240517 748 1.58
240533 774 1.47
240549 776 1.56
240565 750 1.56
240581 704 1.57
240598 607 1.61


----------------------------------------
New Round



----------------------------------------
New Round

1595 561 0.26
3036 879 1.19
3137 722 1.00
4513 968 0.89
4532 1005 7.51
4548 992 4.84
4563 920 1.23
7804 836 0.31
7823 983 2.51
7839 989 1.83
7855 985 1.49
7871 975 1.18
7887 948 0.59
7903 838 0.31
9426 744 0.42
9445 973 2.52
9461 976 0.85
9477 973 1.43
9493 962 1.16
9508 931 0.98
9525 842 0.66
10399 867 0.39
10418 976 2.09
10433 982 1.05
10449 981 1.54
10466 973 1.26
10484 950 0.87
10501 879 0.60
11619 693 0.32
11637 974 2.85
11654 981 1.00
11670 983 1.82
11685 972 1.51
11702 957 1.05
11718 921 0.62
11734 761 0.34
12518 864 0.48
12536 999 3.57
12553 1001 4.77
12569 987 2.44
12584 962 1.32
12601 899 0.10
13396 934 0.62
13415 1000 4.16
13431 1000 5.77
13447 984 2.22
13463 962 1.15
13479 912 0.15
13495 515 0.25
14307 949 0.74
14325 1002 4.59
14342 1002 5.61
14358 986 1.80
14373 956 1.02
14390 881 0.35
15174 954 1.42
15193 1008 7.50
15209 1000 3.70
15242 913 0.76
15258 817 0.52
15275 607 0.93
16026 939 1.99
16045 1007 7.46
16061 999 2.49
16076 970 1.95
16093 937 1.36
16109 923 0.64
16124 917 1.41
16141 908 0.66
16157 909 0.85
16173 912 0.86
16189 879 0.79
16205 765 0.61
16995 967 1.74
17013 1007 7.45
17030 1004 6.21
17046 992 2.64
17061 978 1.27
17078 972 1.28
17093 964 1.86
17110 948 0.78
17126 939 0.56
17141 923 0.92
17158 857 0.92
17174 677 0.65
18808 644 1.01
18827 995 7.54
18842 993 5.91
18859 956 3.11
18877 790 1.07
23359 789 0.70
23377 985 2.08
23394 991 1.94
23409 982 1.72
23426 958 1.35
23442 882 0.79
24172 718 0.51
24190 984 2.59
24207 991 2.16
24222 980 2.14
24239 952 1.63
24255 907 0.81
24270 705 0.52
24977 560 0.61
24995 993 4.16
25012 994 3.89
25027 961 2.08
25043 882 1.42
25060 602 0.41
25744 754 1.04
25762 1003 5.95
25779 1002 6.11
25794 986 2.30
25810 970 1.16
25827 949 0.12
25842 846 0.15
26475 860 1.43
26493 1004 7.49
26510 998 5.72
26526 975 2.21
26542 960 0.66
26572 904 0.60
26589 797 0.90
26605 614 0.86
27270 905 1.81
27288 1005 7.48
27304 1000 3.93
27321 983 2.48
27336 971 0.98
27353 956 0.73
27369 913 0.50
27384 862 0.72
27401 851 0.77
27417 821 0.79
27432 538 0.80
28244 673 2.34
28263 1007 7.59
28279 994 5.77
28295 960 3.49
28311 926 1.31
28327 908 1.51
28343 817 2.49
30001 907 1.53
30019 1009 7.51
30035 1003 5.66
30051 985 2.18
30067 941 1.22
30084 844 0.78
30099 727 0.74
30115 547 0.66
30132 561 0.52
30147 690 0.78
30163 529 0.80


----------------------------------------
New Round



----------------------------------------
New Round

2548 906 0.12
2567 935 0.09
2583 946 0.17
2598 951 0.15
2615 952 0.14
2631 951 0.21
2647 944 0.23
2663 926 0.20
11736 902 2.44
11754 932 2.30
11770 907 1.62
13302 903 3.85
13320 965 3.88
13336 968 3.54
13352 947 2.50
14450 930 4.06
14468 984 5.95
14484 985 5.24
14500 954 2.12
14516 916 0.60
15524 931 1.77
15543 995 7.02
15559 983 5.14
15575 944 2.07
15591 914 1.50
16531 950 3.42
16549 1002 7.97
16566 979 4.89
16581 963 3.28
16598 952 1.62
16614 951 1.12
16629 954 1.18
16646 944 0.97
17530 931 3.47
17554 1000 8.14
17570 980 4.54
17586 969 2.83
17602 964 2.33
17618 965 1.29
17634 959 1.59
17650 943 0.96
17667 917 0.80
18441 920 3.72
18459 1003 8.14
18475 986 4.95
18491 975 3.73
18507 973 1.47
18523 977 1.83
18539 973 1.90
18555 964 0.68
18571 956 0.04
18587 949 0.42
18604 939 0.63
18619 917 0.63
19377 930 4.22
19395 1003 7.15
19411 990 6.69
19430 980 2.59
19446 978 2.70
19463 979 1.70
19478 974 1.77
19494 968 0.42
19511 966 0.51
19526 966 0.48
19543 964 0.96
19559 956 1.04
19574 943 0.99
19591 925 0.87
19606 903 0.74
20272 964 4.36
20290 1006 8.14
20306 992 5.29
20323 990 5.88
20338 992 1.94
20355 994 2.54
20371 990 1.55
20386 980 1.10
20403 973 0.48
20418 969 0.75
20434 963 0.99
20451 950 0.85
20466 929 0.97
21202 971 5.34
21221 1005 8.14
21237 990 5.96
21253 986 5.95
21269 988 3.03
21285 990 3.21
21301 980 1.52
21320 957 0.51
21336 932 0.61
21352 917 0.55
27028 902 5.81
27046 959 4.99
27062 939 2.86
27877 929 6.29
27908 971 3.71
27924 914 2.26
28687 906 5.42
28705 977 7.19
28722 955 3.79
29680 902 6.46
29698 976 7.79
29714 915 3.95
30469 916 3.60
30487 995 8.14
30503 961 4.96
31394 930 6.57
31413 978 8.14
32131 932 4.90
32149 986 8.14
32165 908 4.89
32847 936 4.90
32866 991 8.14
32881 929 4.90
33530 927 4.86
33549 985 8.12
33565 933 4.89


----------------------------------------
New Round



----------------------------------------
New Round



----------------------------------------
New Round

1318 92 0.83
1337 439 3.67
1353 559 3.92
1369 487 2.05
1385 357 1.28
1400 265 0.71
1417 181 0.66
1433 100 0.70
1448 35 0.75
3163 76 1.06
3180 505 4.94
3196 591 4.77
3213 490 2.15
3228 364 1.27
3245 254 0.82
3261 141 0.65
3276 60 0.75
3293 33 0.81
3308 11 0.80
4245 57 2.00
4263 595 6.12
4280 581 4.19
4295 454 2.46
4312 363 0.91
4328 315 1.13
4343 287 0.94
4363 271 0.85
4378 264 0.75
4395 234 0.70
4410 167 0.59
4426 102 0.43
4443 39 0.43
5518 93 2.27
5536 635 6.65
5552 596 3.74
5568 476 2.57
5584 404 1.08
5600 361 1.30
5616 351 1.21
5633 356 1.10
5648 365 0.66
5664 348 0.72
5680 302 0.69
5696 222 0.51
5712 137 0.50
5728 63 0.54
6680 226 2.54
6704 662 8.00
6720 593 2.65
6735 533 2.25
6752 475 1.59
6768 451 1.31
6784 469 1.07
6800 473 0.64
6815 457 0.52
6832 422 0.46
6848 365 0.53
6863 300 0.54
6880 227 0.56
6896 158 0.59
6915 67 0.60
6930 11 0.60
7772 33 3.41
7790 636 8.07
7806 622 4.98
7822 561 2.45
7838 518 1.62
7855 513 1.43
7870 525 1.32
7886 513 0.80
7903 479 0.58
7918 429 0.62
7934 368 0.69
7950 303 0.63
7966 225 0.63
7983 135 0.72
7998 49 0.71
8758 242 3.96
8776 670 7.22
8793 634 6.27
8809 591 2.15
8824 552 2.02
8841 552 1.13
8856 552 1.08
8872 534 0.94
8889 505 0.69
8904 475 0.72
8921 447 0.53
8936 416 0.44
8952 366 0.74
8969 287 0.74
8984 170 0.68
9000 64 0.67
9701 232 3.50
9722 671 7.74
9738 624 3.93
9754 594 2.63
9771 578 1.96
9786 580 1.37
9802 580 1.38
9818 560 0.47
9834 537 0.95
9850 518 0.90
9866 501 0.50
9882 473 0.81
9897 426 0.79
9914 352 0.70
9930 254 0.72
9946 131 0.68
10811 404 3.42
10829 701 8.11
10845 607 4.34
10861 556 2.61
10877 514 1.91
10893 504 1.10
10909 481 1.41
10925 428 0.48
10941 354 0.42
10957 284 0.38
10973 197 0.51
10989 100 0.51
11005 22 0.49
11884 87 4.63
11902 704 8.11
11919 593 6.41
11935 589 3.46
11951 552 3.20
11967 544 1.27
11981 530 1.62
11997 498 0.89
12013 445 0.56
12029 377 0.41
12045 294 0.33
12061 204 0.48
12077 107 0.50
12093 28 0.52
13966 230 4.91
13984 719 8.11
14000 549 6.02
14016 477 3.41
14032 484 2.23
14048 487 2.89
14064 410 1.75
14081 308 0.99
14096 192 0.56
14112 103 0.78
14129 15 0.27
16120 349 4.89
16139 715 8.11
16155 560 6.08
16171 558 2.04
16187 577 2.67
16202 563 2.28
16219 522 1.45
16235 475 0.42
16250 423 0.48
16267 364 0.41
16283 282 0.21
16299 157 0.39
16315 48 0.64
18278 279 4.62
18296 692 8.11
18313 509 8.06
18328 470 3.66
18344 461 2.91
18361 416 2.32
18376 358 2.00
18393 287 1.73
18409 227 0.66
18424 168 0.48
18441 77 0.51
19972 420 3.88
20002 578 7.52
20019 600 2.86
20034 541 3.70
20050 496 1.68
20067 467 0.92
20082 433 0.59
20099 371 0.67
20115 288 0.28
20130 221 0.46
20147 152 0.56
20163 71 0.56
21714 82 3.90
21733 728 7.15
21749 582 5.38
21766 568 7.11
21781 595 4.17
21797 568 3.20
21814 504 2.53
21829 443 0.46
21846 360 0.09
21864 211 0.53
21880 89 0.75
23699 45 3.52
23717 730 8.11
23734 592 5.80
23750 621 5.81
23766 622 4.39
23782 596 1.85
23798 554 1.43
23814 505 0.63
23830 455 0.27
23846 395 0.23
23862 334 0.42
23878 255 0.51
23895 157 0.62
23910 53 0.63


----------------------------------------
New Round



----------------------------------------
New Round

1799 296 0.71
1817 588 2.31
1833 637 3.58
1850 600 2.06
1865 521 0.82
1882 438 0.24
1897 323 0.44
1913 213 0.29
1930 127 0.59
1948 43 0.73
4920 50 0.35
4938 494 3.00
4955 523 0.76
4970 539 1.87
4986 494 1.21
5003 439 1.06
5018 344 0.63
5035 206 0.36
5051 13 0.35
5926 68 0.32
5945 320 3.17
5961 370 0.80
5977 392 1.53
5993 358 1.21
6009 296 1.14
6025 199 0.70
6041 92 0.41
6868 276 0.65
6887 600 4.70
6903 657 3.32
6919 605 2.31
6935 519 1.45
6951 418 0.37
6967 269 0.39
6983 94 0.26
7768 172 0.62
7786 609 6.47
7802 669 3.52
7818 595 3.02
7834 495 1.94
7849 355 0.75
7866 103 0.36
10582 154 0.70
10600 604 6.35
10619 661 3.54
10635 592 2.84
10651 491 1.79
10668 353 0.80
10683 137 0.16
11498 474 1.12
11516 748 7.83
11533 668 5.29
11548 438 2.01
11565 74 0.61
11581 11 0.71
12912 500 3.48
12931 733 8.60
12947 578 6.26
12962 56 2.55
14011 430 2.67
14029 743 7.63
14046 541 5.95
14062 41 3.20
15259 124 3.68
15278 539 7.45
15294 385 5.67
21373 158 4.42
21392 729 7.69
21408 597 6.60
21424 68 2.63
22326 170 3.39
22344 568 7.99
22361 294 4.96
28247 245 0.44
28265 522 2.49
28280 549 1.76
28300 493 1.58
28315 407 1.20
28332 276 0.81
28348 26 0.46
29124 258 0.69
29143 616 5.34
29159 641 4.54
29174 509 2.09
29191 377 1.63
29207 149 0.79
30402 131 1.15
30420 656 7.17
30437 578 5.41
30453 279 2.27
30469 14 0.96
32067 442 1.78
32086 715 6.50
32101 628 5.03
32117 358 1.63
32134 16 1.24
33274 497 3.82
33293 729 8.44
33308 356 3.89
35252 501 2.76
35270 558 6.06
35286 38 1.74
36727 35 3.78
36746 632 6.56
36762 77 3.36
37921 584 4.07
37940 570 6.88
37955 98 2.67
44589 83 0.65
44607 554 3.21
44622 464 0.80
44639 287 1.15
44655 104 0.73
46929 31 0.66
46948 592 4.06
46964 426 1.21
46981 369 1.31
47004 228 0.57
48946 78 0.87
48964 643 4.89
48979 461 2.08
48996 421 1.02
49012 353 1.26
49028 224 0.91
49044 99 0.73
49060 106 1.13
49076 176 0.91
49092 181 0.85
49108 103 0.80
49124 18 0.72
50629 130 1.34
50648 634 5.38
50664 516 1.29
50679 439 2.12
50696 428 0.80
50712 499 1.59
50727 488 1.14
50744 420 0.91
50759 313 0.79
50776 212 0.72
50792 139 0.60
50810 77 0.61
50827 13 0.59
52361 444 2.61
52379 629 5.52
52396 338 2.33
53762 208 2.18
53780 591 6.40
53795 122 2.63
55181 595 4.01
55199 498 5.77
55215 90 3.55
56566 262 3.01
56585 564 6.59
56601 240 1.37
57880 515 3.02
57899 554 4.15
57915 249 2.21
58002 13 0.85
59216 544 3.63
59235 339 6.81
59251 83 3.05
59267 60 3.20
61521 470 4.99
61540 394 7.21
61556 16 3.04


----------------------------------------
New Round



----------------------------------------
New Round

3645 214 1.85
3662 496 5.94
3679 493 4.74
3695 414 4.77
3710 314 2.48
3727 197 1.53
3743 123 1.11
3759 133 0.87
3784 223 1.36
3807 213 1.24
3822 164 1.15
3838 119 1.05
3854 75 0.87
3870 35 0.67
7909 23 0.64
7927 196 2.30
7944 316 2.16
7959 338 1.76
7975 292 1.49
7991 230 1.43
8007 161 1.08
8024 71 0.84
9135 49 0.71
9153 297 2.93
9168 411 3.43
9185 433 2.76
9200 323 2.08
9217 216 0.96
9233 124 0.77
9248 43 0.69
10349 50 1.37
10368 409 4.48
10384 525 4.96
10399 464 2.37
10419 314 1.64
10434 224 0.97
10450 144 0.92
10467 78 0.73
10482 21 0.52
11512 176 1.73
11531 529 5.75
11547 591 6.16
11563 473 2.55
11579 379 1.29
11595 324 1.30
11611 299 1.03
11627 282 0.80
11643 248 0.81
11659 222 0.91
11675 187 1.00
11692 147 1.08
11707 103 1.02
11723 48 0.88
11739 11 0.79
12639 256 2.23
12657 629 6.77
12673 556 5.10
12689 420 1.80
12704 355 1.47
12721 285 1.61
12737 244 0.98
12752 230 0.69
12769 234 0.80
12785 222 1.05
12801 191 1.08
12817 149 1.07
12835 84 0.91
12852 27 0.68
13803 228 2.49
13821 625 6.14
13837 575 5.38
13868 416 2.16
13884 368 1.59
13900 330 1.11
13916 324 0.71
13932 326 1.03
13948 310 1.19
13964 284 1.12
13980 230 1.00
13996 164 0.78
14012 94 0.66
14028 36 0.60
14951 308 3.92
14969 671 7.32
14986 578 5.34
15002 518 3.80
15017 477 2.42
15034 462 1.23
15050 468 1.53
15066 455 1.45
15082 422 0.95
15098 379 0.98
15114 334 0.85
15130 266 0.67
15145 192 0.75
15162 119 0.72
15178 56 0.71
15194 14 0.73
15941 314 3.86
15962 696 7.73
15978 587 4.52
15994 522 2.98
16010 466 2.22
16026 466 0.90
16043 495 2.03
16058 486 1.94
16074 440 1.02
16090 391 1.17
16106 341 0.83
16122 300 0.68
16138 259 0.72
16154 220 0.82
16171 162 0.85
16186 95 0.77
16202 33 0.75
16973 144 4.40
16992 715 8.19
17007 604 6.31
17024 545 6.11
17040 495 3.00
17055 499 1.64
17072 493 2.02
17088 436 1.20
17103 354 1.08
17120 269 0.88
17136 168 0.70
17152 89 0.74
17168 38 0.76
17184 12 0.71
18036 230 4.66
18055 713 7.27
18073 615 6.61
18089 594 5.85
18113 555 1.74
18136 545 2.62
18152 496 1.06
18167 449 0.70
18184 390 0.82
18199 311 0.78
18215 237 0.88
18232 164 0.93
18247 82 0.94
18264 17 0.91
19086 373 4.99
19104 720 6.62
19121 612 8.43
19136 599 7.33
19152 595 2.79
19169 594 2.98
19184 542 1.89
19201 464 2.61
19217 362 1.86
19232 268 1.32
19249 187 1.30
19264 103 1.22
19280 28 1.12
24609 21 1.86
24628 123 2.75
24644 167 2.38
24659 156 1.97
24676 102 1.57
24692 25 1.30
25506 70 1.42
25528 351 4.79
25544 400 3.93
25560 322 2.94
25576 209 1.76
25591 88 1.21
26613 57 1.39
26632 276 4.82
26647 376 4.06
26663 329 2.77
26680 192 1.98
26695 50 1.36
30555 25 0.59
30573 179 2.44
30589 316 2.47
30605 367 2.05
30621 377 1.55
30638 338 1.15
30653 296 0.80
30669 270 0.68
30685 245 0.58
30701 225 0.58
30717 211 0.69
30733 194 0.84
30749 169 0.87
30766 138 0.85
30781 102 0.81
30797 61 0.79
30813 24 0.76
32065 18 0.66
32083 139 1.57
32099 259 1.89
32115 350 1.76
32132 381 1.38
32164 306 0.77
32181 278 0.64
32196 259 0.51
32212 246 0.49
32229 239 0.68
32244 237 0.83
32261 231 0.80
32276 216 0.74
32292 188 0.72
32309 156 0.72
32324 116 0.72
32340 82 0.69
32356 43 0.69
32372 14 0.68
33581 40 0.94
33599 246 2.79
33615 413 3.20
33631 475 2.64
33647 435 1.83
33662 376 1.07
33679 342 0.83
33695 331 0.59
33711 327 0.51
33727 328 0.78
33743 333 0.95
33759 337 0.96
33775 322 0.86
33790 290 0.77
33807 257 0.75
33823 219 0.74
33839 172 0.75
33855 123 0.76
33873 72 0.73
33890 32 0.68
35000 75 1.08
35018 330 3.13
35035 480 4.10
35051 508 2.82
35066 429 1.76
35083 372 0.97
35099 355 0.68
35115 362 0.49
35131 374 0.66
35146 384 0.93
35163 391 1.04
35179 391 0.99
35194 367 0.81
35211 331 0.71
35227 304 0.70
35243 273 0.68
35259 237 0.68
35275 197 0.70
35291 156 0.74
35307 114 0.76
35322 66 0.74
35339 29 0.73
36343 28 1.66
36362 419 5.27
36378 555 6.23
36393 515 3.57
36410 405 2.00
36426 358 1.31
36442 343 0.94
36472 366 0.70
36488 376 1.03
36502 383 1.20
36518 385 1.18
36534 368 0.89
36550 331 0.67
36566 294 0.64
36582 256 0.65
36598 226 0.58
36614 189 0.58
36630 154 0.62
36646 122 0.69
36662 91 0.69
36678 57 0.69
36694 28 0.68
37650 26 1.81
37668 451 5.63
37684 591 6.44
37700 519 3.27
37716 412 1.46
37732 354 1.29
37748 336 0.82
37764 342 0.49
37780 351 0.98
37796 346 1.28
37812 307 1.17
37828 258 1.00
37844 209 0.85
37860 155 0.81
37876 102 0.78
37893 62 0.72
37908 22 0.67
38988 158 1.98
39007 517 6.44
39026 599 5.20
39042 492 3.51
39058 428 1.77
39074 381 1.24
39090 358 1.01
39106 351 0.82
39122 332 1.20
39138 290 1.15
39154 235 0.95
39171 173 0.83
39186 115 0.77
39202 72 0.67
39218 33 0.60
40268 207 2.91
40287 582 7.23
40303 631 6.23
40320 528 3.45
40335 474 2.11
40351 449 1.83
40368 453 1.10
40383 450 1.40
40399 423 1.39
40416 376 1.01
40431 316 0.89
40448 256 0.82
40463 203 0.76
40479 151 0.76
40496 101 0.75
40511 57 0.78
41503 178 2.74
41522 581 7.06
41537 629 6.88
41556 483 3.21
41572 412 1.88
41588 371 1.55
41605 369 1.36
41620 363 0.92
41636 347 1.30
41652 310 1.16
41668 268 1.02
41684 217 0.91
41700 167 0.89
41716 113 0.88
41733 65 0.84
41748 27 0.77
42539 251 2.82
42557 635 7.86
42572 531 5.13
42589 336 3.70
42605 91 1.70
43685 249 2.96
43704 660 7.22
43720 542 5.41
43736 389 3.24
43752 221 1.15
43768 22 1.69
44775 202 3.19
44793 643 7.15
44810 543 5.41
44826 436 3.80
44841 242 1.80
44858 11 0.99
45852 79 3.63
45871 657 7.20
45889 517 5.92
45905 414 2.57
45922 208 1.76
47369 314 4.45
47387 679 8.29
47403 486 6.31
47419 183 5.11
48502 272 4.50
48521 651 8.07
48537 499 5.52
48552 298 2.76
48569 29 1.24
